Table showing signal significance of pions passing various cuts: 
pt    p     eta     mass 
  0.000000   0.000000   0.000000   0.000000 
  0.000000   0.000000   0.000000   0.000000 
  0.055556   0.000000   0.000000   0.000000 
  0.091390   0.017316   0.006417   0.000000 
  0.181165   0.019860   0.009348   0.000000 
  0.038095   0.004762   0.000000   0.000000 
  0.130208   0.032609   0.010872   0.000000 
  0.226264   0.020133   0.004807   0.000000 
  0.023923   0.019139   0.000000   0.000000 
  0.000000   0.000000   0.000000   0.000000 
  0.023810   0.023810   0.000000   0.000000 
  0.122807   0.026316   0.000000   0.000000 
  0.050000   0.025000   0.004167   0.000000 
  0.074074   0.007937   0.000000   0.000000 
  0.132051   0.014621   0.003694   0.000000 
  0.102554   0.021114   0.002829   0.000000 
  0.000000   0.000000   0.000000   0.000000 
  0.041026   0.041026   0.000000   0.000000 
  0.129032   0.026882   0.009677   0.000000 
  0.078947   0.011513   0.000732   0.000000 
  0.041667   0.020833   0.000000   0.000000 
  0.066207   0.011034   0.000000   0.000000 
  0.089126   0.008529   0.000000   0.000000 
  0.083333   0.083333   0.000000   0.000000 
  0.117188   0.062500   0.015625   0.000000 
  0.016304   0.000000   0.000000   0.000000 
  0.070258   0.007286   0.002087   0.000000 
  0.034722   0.034722   0.000000   0.000000 
  0.037634   0.002151   0.000000   0.000000 
  0.106178   0.007722   0.003861   0.000000 
  0.053763   0.016129   0.001075   0.000000 
  0.023392   0.017544   0.000000   0.000000 
  0.064103   0.024420   0.000000   0.000000 
  0.080000   0.000000   0.000000   0.000000 
  0.221538   0.092308   0.027692   0.000000 
  0.000000   0.000000   0.000000   0.000000 
  0.133333   0.016667   0.011111   0.000000 
  0.156807   0.042766   0.003326   0.000000 
  0.000000   0.000000   0.000000   0.000000 
  0.000000   0.000000   0.000000   0.000000 
  0.115385   0.028846   0.000000   0.000000 
  0.048011   0.006859   0.000000   0.000000 
  0.032051   0.009615   0.000000   0.000000 
  0.016529   0.000000   0.000000   0.000000 
  0.135768   0.030498   0.010322   0.000000 
  0.149354   0.028941   0.008269   0.000000 
  0.074074   0.011111   0.000000   0.000000 
  0.107692   0.016026   0.002564   0.000000 
  0.090000   0.003462   0.000000   0.000000 
  0.120313   0.026250   0.007502   0.000000 
  0.072464   0.021739   0.000000   0.000000 
  0.007407   0.000000   0.000000   0.000000 
  0.061224   0.030612   0.000000   0.000000 
  0.146627   0.021921   0.006822   0.000000 
  0.062500   0.062500   0.000000   0.000000 
  0.098701   0.007792   0.003247   0.000000 
  0.027778   0.027778   0.000000   0.000000 
  0.046296   0.009259   0.000000   0.000000 
  0.126050   0.033613   0.008403   0.000000 
  0.144605   0.046719   0.004449   0.000000 
  0.103755   0.020751   0.001976   0.000000 
  0.171123   0.066845   0.000000   0.000000 
  0.088889   0.014815   0.000000   0.000000 
  0.161576   0.024665   0.003855   0.000000 
  0.000000   0.000000   0.000000   0.000000 
  0.014286   0.014286   0.000000   0.000000 
  0.105585   0.007780   0.000000   0.000000 
  0.081818   0.018182   0.000000   0.000000 
  0.193843   0.031265   0.011552   0.000000 
  0.081250   0.017045   0.009091   0.000000 
  0.057600   0.004800   0.000000   0.000000 
  0.100000   0.019048   0.004762   0.000000 
  0.097546   0.010974   0.001372   0.000000 
  0.207543   0.024668   0.002372   0.000000 
  0.207232   0.034506   0.009527   0.000000 
  0.131837   0.032653   0.003673   0.000000 
  0.097633   0.035503   0.000000   0.000000 
  0.044643   0.004464   0.000000   0.000000 
  0.177894   0.030835   0.007117   0.000000 
  0.000000   0.000000   0.000000   0.000000 
  0.128205   0.057692   0.000000   0.000000 
  0.036364   0.007273   0.000000   0.000000 
  0.036765   0.000000   0.000000   0.000000 
  0.083333   0.055556   0.006944   0.000000 
  0.051136   0.022727   0.001894   0.000000 
  0.085714   0.025974   0.003463   0.000000 
  0.137170   0.029703   0.007946   0.000000 
  0.132197   0.031672   0.008266   0.000000 
  0.000000   0.000000   0.000000   0.000000 
  0.122750   0.033668   0.012629   0.000000 
  0.044444   0.011111   0.000000   0.000000 
  0.000000   0.000000   0.000000   0.000000 
  0.044444   0.000000   0.000000   0.000000 
  0.174375   0.030000   0.003129   0.000000 
  0.087719   0.017544   0.000000   0.000000 
  0.131868   0.032967   0.000000   0.000000 
  0.097561   0.038415   0.009756   0.000000 
  0.103194   0.009828   0.001229   0.000000 
  0.092879   0.006192   0.000000   0.000000 
  0.163804   0.030992   0.015500   0.000000 
  0.051760   0.031056   0.004141   0.000000 
  0.000000   0.000000   0.000000   0.000000 
  0.191716   0.026509   0.004270   0.000000 
  0.030000   0.005000   0.000000   0.000000 
  0.130682   0.022727   0.003030   0.000000 
  0.098901   0.032967   0.000000   0.000000 
  0.011696   0.008772   0.000000   0.000000 
  0.071429   0.047619   0.000000   0.000000 
  0.000000   0.000000   0.000000   0.000000 
  0.027778   0.000000   0.000000   0.000000 
  0.111235   0.033370   0.004449   0.000000 
  0.076923   0.009615   0.000712   0.000000 
  0.000000   0.000000   0.000000   0.000000 
  0.080645   0.030242   0.002016   0.000000 
  0.027778   0.000000   0.000000   0.000000 
  0.232860   0.025963   0.003246   0.000000 
  0.123457   0.123457   0.024691   0.000000 
  0.048583   0.013495   0.000675   0.000000 
  0.109804   0.016227   0.004058   0.000000 
  0.107639   0.012821   0.001068   0.000000 
  0.013333   0.002222   0.000000   0.000000 
  0.101449   0.008282   0.004141   0.000000 
  0.203704   0.064103   0.025641   0.000000 
  0.022222   0.000000   0.000000   0.000000 
  0.123077   0.000000   0.000000   0.000000 
  0.162319   0.011594   0.000966   0.000000 
  0.152244   0.016827   0.004010   0.000000 
  0.174825   0.018731   0.002622   0.000000 
  0.083333   0.000000   0.000000   0.000000 
  0.075000   0.019048   0.000000   0.000000 
  0.052632   0.023392   0.000000   0.000000 
  0.033333   0.022222   0.000000   0.000000 
  0.121485   0.008900   0.002145   0.000000 
  0.000000   0.000000   0.000000   0.000000 
  0.036036   0.009009   0.001502   0.000000 
  0.085992   0.009986   0.001665   0.000000 
  0.089514   0.011509   0.001708   0.000000 
  0.012987   0.000000   0.000000   0.000000 
  0.035714   0.001587   0.000000   0.000000 
  0.068376   0.002849   0.000000   0.000000 
  0.121212   0.004329   0.000000   0.000000 
  0.000000   0.000000   0.000000   0.000000 
  0.018182   0.000000   0.000000   0.000000 
  0.000000   0.000000   0.000000   0.000000 
  0.228230   0.051834   0.016756   0.000000 
  0.069881   0.013976   0.000349   0.000000 
  0.092308   0.007692   0.000000   0.000000 
  0.000000   0.000000   0.000000   0.000000 
  0.045918   0.010204   0.000000   0.000000 
  0.111111   0.041667   0.001984   0.000000 
  0.033058   0.000000   0.000000   0.000000 
  0.188737   0.054795   0.007107   0.000000 
  0.047619   0.000000   0.000000   0.000000 
  0.068587   0.013717   0.000000   0.000000 
  0.128676   0.014706   0.000000   0.000000 
  0.062500   0.015000   0.000000   0.000000 
  0.000000   0.000000   0.000000   0.000000 
  0.114035   0.025063   0.003776   0.000000 
  0.096154   0.057692   0.000000   0.000000 
  0.049342   0.013158   0.003289   0.000000 
  0.037152   0.018576   0.000000   0.000000 
  0.062069   0.013793   0.004138   0.000000 
  0.181818   0.060606   0.000000   0.000000 
  0.107656   0.095694   0.000000   0.000000 
  0.062411   0.011348   0.001891   0.000000 
  0.050000   0.050000   0.000000   0.000000 
  0.075758   0.032468   0.004329   0.000000 
  0.167032   0.025972   0.005683   0.000000 
  0.081731   0.009615   0.001925   0.000000 
  0.062394   0.023823   0.001134   0.000000 
  0.123677   0.047288   0.013232   0.000000 
  0.150000   0.016667   0.010426   0.000000 
  0.153846   0.128205   0.000000   0.000000 
  0.000000   0.000000   0.000000   0.000000 
  0.117521   0.027066   0.009800   0.000000 
  0.079365   0.026455   0.005291   0.000000 
  0.013468   0.000000   0.000000   0.000000 
  0.034602   0.013841   0.000000   0.000000 
  0.000000   0.000000   0.000000   0.000000 
  0.073529   0.029412   0.000000   0.000000 
  0.066038   0.017417   0.006537   0.000000 
  0.033333   0.025000   0.000000   0.000000 
  0.076981   0.016604   0.004528   0.000000 
  0.076190   0.028571   0.000000   0.000000 
  0.045351   0.006803   0.000000   0.000000 
  0.000000   0.000000   0.000000   0.000000 
  0.042735   0.008547   0.001425   0.000000 
  0.056426   0.008359   0.000000   0.000000 
  0.100000   0.033333   0.000000   0.000000 
  0.045113   0.010025   0.005013   0.000000 
  0.125000   0.031746   0.013267   0.000000 
  0.104167   0.027778   0.000000   0.000000 
  0.024691   0.024691   0.000000   0.000000 
  0.186054   0.045028   0.015646   0.000000 
  0.121600   0.014400   0.002400   0.000000 
  0.065831   0.006270   0.002090   0.000000 
  0.000000   0.000000   0.000000   0.000000 
  0.041667   0.006944   0.000000   0.000000 
  0.043290   0.000000   0.000000   0.000000 
  0.000000   0.000000   0.000000   0.000000 
  0.078431   0.035294   0.000000   0.000000 
  0.064815   0.024691   0.001543   0.000000 
  0.064815   0.008418   0.001684   0.000000 
  0.107143   0.048214   0.001786   0.000000 
  0.158889   0.050556   0.015558   0.000000 
  0.136842   0.034211   0.003509   0.000000 
  0.114556   0.021302   0.002840   0.000000 
  0.116139   0.040724   0.004536   0.000000 
  0.116343   0.022161   0.000000   0.000000 
  0.083102   0.044321   0.005540   0.000000 
  0.055556   0.011111   0.005556   0.000000 
  0.116341   0.044685   0.009523   0.000000 
  0.107143   0.007143   0.007143   0.000000 
  0.032086   0.007130   0.005348   0.000000 
  0.165485   0.023641   0.003962   0.000000 
  0.025000   0.000000   0.000000   0.000000 
  0.048851   0.005747   0.000000   0.000000 
  0.104974   0.008233   0.000686   0.000000 
  0.067586   0.008276   0.001379   0.000000 
  0.096774   0.024194   0.012097   0.000000 
  0.050000   0.035714   0.007143   0.000000 
  0.094192   0.024725   0.001962   0.000000 
  0.083333   0.027778   0.006944   0.000000 
  0.238587   0.029655   0.005934   0.000000 
  0.000000   0.000000   0.000000   0.000000 
  0.044444   0.007407   0.000000   0.000000 
  0.000000   0.000000   0.000000   0.000000 
  0.027701   0.002770   0.000000   0.000000 
  0.086777   0.012397   0.000517   0.000000 
  0.105477   0.018256   0.004057   0.000000 
  0.000000   0.000000   0.000000   0.000000 
  0.095960   0.008658   0.000481   0.000000 
  0.109091   0.013636   0.000000   0.000000 
  0.080645   0.024194   0.002016   0.000000 
  0.071146   0.017787   0.011950   0.000000 
  0.186667   0.033524   0.008573   0.000000 
  0.052632   0.002632   0.000000   0.000000 
  0.000000   0.000000   0.000000   0.000000 
  0.285714   0.107143   0.000000   0.000000 
  0.000000   0.000000   0.000000   0.000000 
  0.141129   0.012097   0.002041   0.000000 
  0.054505   0.016685   0.006674   0.000000 
  0.014286   0.014286   0.004762   0.000000 
  0.068796   0.004914   0.000410   0.000000 
  0.023781   0.007134   0.001189   0.000000 
  0.092838   0.015915   0.000000   0.000000 
  0.119225   0.038251   0.008700   0.000000 
  0.084942   0.006178   0.001544   0.000000 
  0.105042   0.084034   0.000000   0.000000 
  0.091747   0.023705   0.009224   0.000000 
  0.157343   0.034965   0.005245   0.000000 
  0.000000   0.000000   0.000000   0.000000 
  0.108721   0.020930   0.001163   0.000000 
  0.027701   0.027701   0.008310   0.000000 
  0.087774   0.010449   0.001045   0.000000 
  0.058594   0.015625   0.000000   0.000000 
  0.122449   0.081633   0.000000   0.000000 
  0.114286   0.019643   0.002440   0.000000 
  0.035556   0.017778   0.000000   0.000000 
  0.206222   0.024127   0.009783   0.000000 
  0.121968   0.006930   0.000700   0.000000 
  0.163866   0.010084   0.005042   0.000000 
  0.023810   0.004762   0.000000   0.000000 
  0.080268   0.010033   0.000000   0.000000 
  0.132313   0.021870   0.002735   0.000000 
  0.148148   0.041152   0.004115   0.000000 
  0.000000   0.000000   0.000000   0.000000 
  0.000000   0.000000   0.000000   0.000000 
  0.050174   0.027875   0.000697   0.000000 
  0.200501   0.050125   0.005013   0.000000 
  0.005102   0.005102   0.000000   0.000000 
  0.071429   0.000000   0.000000   0.000000 
  0.092628   0.005671   0.003781   0.000000 
  0.019565   0.000000   0.000000   0.000000 
  0.088889   0.033333   0.011111   0.000000 
  0.000000   0.000000   0.000000   0.000000 
  0.135507   0.029458   0.002946   0.000000 
  0.122470   0.018525   0.003431   0.000000 
  0.017544   0.011696   0.005848   0.000000 
  0.079772   0.029915   0.002137   0.000000 
  0.111111   0.012346   0.001235   0.000000 
  0.166205   0.011080   0.005540   0.000000 
  0.167936   0.021040   0.006667   0.000000 
  0.112500   0.037500   0.000000   0.000000 
  0.080214   0.032086   0.000000   0.000000 
  0.078868   0.005056   0.001011   0.000000 
  0.077356   0.010618   0.001950   0.000000 
  0.172766   0.032274   0.013475   0.000000 
  0.057692   0.003846   0.000000   0.000000 
  0.063492   0.009070   0.000000   0.000000 
  0.104928   0.022258   0.002401   0.000000 
  0.073043   0.027826   0.000000   0.000000 
  0.072727   0.001732   0.000000   0.000000 
  0.000000   0.000000   0.000000   0.000000 
  0.039216   0.032680   0.000000   0.000000 
  0.021429   0.000000   0.000000   0.000000 
  0.103448   0.006897   0.000000   0.000000 
  0.038889   0.002525   0.001036   0.000000 
  0.078125   0.007812   0.000000   0.000000 
  0.016667   0.000000   0.000000   0.000000 
  0.157374   0.040000   0.010003   0.000000 
  0.015873   0.005291   0.000000   0.000000 
  0.194957   0.025712   0.006361   0.000000 
  0.000000   0.000000   0.000000   0.000000 
  0.125933   0.018116   0.006148   0.000000 
  0.123504   0.023077   0.000000   0.000000 
  0.069136   0.019753   0.003704   0.000000 
  0.232088   0.041286   0.019312   0.000000 
  0.000000   0.000000   0.000000   0.000000 
  0.104575   0.065359   0.006536   0.000000 
  0.091667   0.041667   0.001667   0.000000 
  0.055919   0.029049   0.009089   0.000000 
  0.035714   0.011905   0.000000   0.000000 
  0.116364   0.029091   0.003636   0.000000 
  0.107143   0.000000   0.000000   0.000000 
  0.111355   0.017582   0.008800   0.000000 
  0.182577   0.014965   0.003677   0.000000 
  0.066667   0.024306   0.001389   0.000000 
  0.185494   0.025674   0.006435   0.000000 
  0.026042   0.010417   0.000000   0.000000 
  0.074911   0.029727   0.010702   0.000000 
  0.082265   0.004274   0.001425   0.000000 
  0.049383   0.006173   0.000000   0.000000 
  0.043956   0.000000   0.000000   0.000000 
  0.254902   0.051765   0.018858   0.000000 
  0.000000   0.000000   0.000000   0.000000 
  0.126984   0.014815   0.003175   0.000000 
  0.044872   0.015385   0.002571   0.000000 
  0.294118   0.110294   0.011029   0.000000 
  0.069600   0.017256   0.006908   0.000000 
  0.063322   0.017270   0.000000   0.000000 
  0.078571   0.000000   0.000000   0.000000 
  0.190920   0.050179   0.010878   0.000000 
  0.091503   0.026144   0.006536   0.000000 
  0.089600   0.016000   0.001422   0.000000 
  0.076705   0.014205   0.007633   0.000000 
  0.088757   0.088757   0.000000   0.000000 
  0.133821   0.028904   0.009011   0.000000 
  0.119097   0.040389   0.010358   0.000000 
  0.080488   0.012195   0.002439   0.000000 
  0.012346   0.000000   0.000000   0.000000 
  0.146450   0.017751   0.011834   0.000000 
  0.192547   0.024468   0.005650   0.000000 
  0.105000   0.025000   0.000000   0.000000 
  0.149354   0.007752   0.001051   0.000000 
  0.000000   0.000000   0.000000   0.000000 
  0.021164   0.005291   0.005291   0.000000 
  0.000000   0.000000   0.000000   0.000000 
  0.128349   0.040670   0.006700   0.000000 
  0.066176   0.018382   0.000000   0.000000 
  0.000000   0.000000   0.000000   0.000000 
  0.162707   0.019886   0.004651   0.000000 
  0.000000   0.000000   0.000000   0.000000 
  0.052910   0.021164   0.001323   0.000000 
  0.076555   0.028708   0.000000   0.000000 
  0.115942   0.024845   0.004141   0.000000 
  0.059598   0.009288   0.004653   0.000000 
  0.044226   0.011466   0.001649   0.000000 
  0.035294   0.000000   0.000000   0.000000 
  0.032922   0.002743   0.000000   0.000000 
  0.127901   0.022222   0.003705   0.000000 
  0.070772   0.013787   0.002757   0.000000 
  0.047619   0.031746   0.002646   0.000000 
  0.078947   0.023684   0.000000   0.000000 
  0.043478   0.008696   0.000000   0.000000 
  0.053476   0.021390   0.000000   0.000000 
  0.000000   0.000000   0.000000   0.000000 
  0.081314   0.031569   0.006707   0.000000 
  0.041667   0.000000   0.000000   0.000000 
  0.106366   0.019944   0.004029   0.000000 
  0.012821   0.003205   0.001603   0.000000 
  0.071739   0.024348   0.002609   0.000000 
  0.166886   0.024578   0.005271   0.000000 
  0.087902   0.035917   0.004257   0.000000 
  0.026667   0.000000   0.000000   0.000000 
  0.055402   0.024931   0.002770   0.000000 
  0.133333   0.045833   0.008333   0.000000 
  0.040137   0.004117   0.000000   0.000000 
  0.181364   0.040909   0.025472   0.000000 
  0.080000   0.018667   0.005333   0.000000 
  0.075362   0.027053   0.009662   0.000000 
  0.152381   0.000000   0.000000   0.000000 
  0.051282   0.001603   0.000000   0.000000 
  0.037879   0.030303   0.000000   0.000000 
  0.018182   0.000000   0.000000   0.000000 
  0.074667   0.002667   0.000000   0.000000 
  0.043956   0.010989   0.000000   0.000000 
  0.095238   0.017007   0.003408   0.000000 
  0.178968   0.020635   0.006485   0.000000 
  0.028409   0.011364   0.000000   0.000000 
  0.125000   0.083333   0.027778   0.000000 
  0.088235   0.017825   0.010695   0.000000 
  0.071429   0.038095   0.000000   0.000000 
  0.109091   0.000000   0.000000   0.000000 
  0.065217   0.005435   0.003623   0.000000 
  0.066667   0.066667   0.000000   0.000000 
  0.118598   0.021563   0.001348   0.000000 
  0.021222   0.010187   0.000000   0.000000 
  0.083127   0.009896   0.000495   0.000000 
  0.000000   0.000000   0.000000   0.000000 
  0.137270   0.013333   0.004006   0.000000 
  0.000000   0.000000   0.000000   0.000000 
  0.022727   0.000000   0.000000   0.000000 
  0.068376   0.025641   0.002849   0.000000 
  0.158701   0.024265   0.007353   0.000000 
  0.111741   0.021844   0.005047   0.000000 
  0.180000   0.010000   0.000000   0.000000 
  0.075758   0.032468   0.004329   0.000000 
  0.038089   0.014543   0.004155   0.000000 
  0.060000   0.040000   0.005000   0.000000 
  0.080000   0.041667   0.003333   0.000000 
  0.095238   0.023810   0.001984   0.000000 
  0.011111   0.005556   0.000000   0.000000 
  0.122727   0.034091   0.009091   0.000000 
  0.024691   0.000000   0.000000   0.000000 
  0.000000   0.000000   0.000000   0.000000 
  0.080863   0.013862   0.006175   0.000000 
  0.075397   0.003704   0.000000   0.000000 
  0.088757   0.020710   0.000000   0.000000 
  0.015038   0.015038   0.000000   0.000000 
  0.039698   0.018904   0.007561   0.000000 
  0.042857   0.000000   0.000000   0.000000 
  0.000000   0.000000   0.000000   0.000000 
  0.058516   0.026123   0.000000   0.000000 
  0.092593   0.026455   0.007937   0.000000 
  0.047059   0.000000   0.000000   0.000000 
  0.000000   0.000000   0.000000   0.000000 
  0.085714   0.000000   0.000000   0.000000 
  0.118056   0.020833   0.005208   0.000000 
  0.063241   0.055336   0.001976   0.000000 
  0.176224   0.029371   0.002101   0.000000 
  0.083004   0.023715   0.000000   0.000000 
  0.000000   0.000000   0.000000   0.000000 
  0.124331   0.037478   0.004767   0.000000 
  0.060977   0.006060   0.000505   0.000000 
  0.183544   0.038854   0.004219   0.000000 
  0.200788   0.018634   0.009685   0.000000 
  0.142901   0.014596   0.002859   0.000000 
  0.180317   0.031526   0.007010   0.000000 
  0.030303   0.000000   0.000000   0.000000 
  0.103233   0.013613   0.001134   0.000000 
  0.000000   0.000000   0.000000   0.000000 
  0.114286   0.038095   0.014286   0.000000 
  0.080000   0.080000   0.000000   0.000000 
  0.089375   0.007500   0.001250   0.000000 
  0.038278   0.000000   0.000000   0.000000 
  0.082592   0.008010   0.000892   0.000000 
  0.128205   0.038462   0.000000   0.000000 
  0.064935   0.008658   0.002165   0.000000 
  0.186014   0.031469   0.003147   0.000000 
  0.075758   0.022282   0.003572   0.000000 
  0.135979   0.017728   0.001615   0.000000 
  0.061920   0.012384   0.000000   0.000000 
  0.100800   0.048000   0.003200   0.000000 
  0.027778   0.020833   0.003472   0.000000 
  0.000000   0.000000   0.000000   0.000000 
  0.095652   0.024348   0.005217   0.000000 
  0.069565   0.000000   0.000000   0.000000 
  0.031746   0.031746   0.000000   0.000000 
  0.075717   0.010817   0.003251   0.000000 
  0.087440   0.023847   0.004769   0.000000 
  0.171352   0.048193   0.011900   0.000000 
  0.114833   0.047847   0.000000   0.000000 
  0.147597   0.012891   0.004884   0.000000 
  0.000000   0.000000   0.000000   0.000000 
  0.038462   0.023077   0.000000   0.000000 
  0.154537   0.020126   0.005039   0.000000 
  0.073684   0.015789   0.000000   0.000000 
  0.112949   0.010415   0.003899   0.000000 
  0.011342   0.000000   0.000000   0.000000 
  0.077586   0.019704   0.000000   0.000000 
  0.132149   0.028099   0.006945   0.000000 
  0.061444   0.005120   0.000000   0.000000 
  0.108997   0.018166   0.001298   0.000000 
  0.000000   0.000000   0.000000   0.000000 
  0.049655   0.022069   0.000000   0.000000 
  0.106253   0.021983   0.007701   0.000000 
  0.133800   0.022556   0.002051   0.000000 
  0.055556   0.011111   0.002778   0.000000 
  0.048258   0.011611   0.000726   0.000000 
  0.000000   0.000000   0.000000   0.000000 
  0.141414   0.031401   0.006593   0.000000 
  0.097656   0.035156   0.000000   0.000000 
  0.021008   0.016807   0.000000   0.000000 
  0.076531   0.006378   0.002558   0.000000 
  0.180602   0.105351   0.040183   0.000000 
  0.064103   0.038462   0.012821   0.000000 
  0.030000   0.000000   0.000000   0.000000 
  0.071429   0.035714   0.007143   0.000000 
  0.100000   0.050000   0.000000   0.000000 
  0.107143   0.008929   0.000000   0.000000 
  0.119812   0.009014   0.001127   0.000000 
  0.015909   0.006818   0.000000   0.000000 
  0.285714   0.085714   0.000000   0.000000 
  0.000000   0.000000   0.000000   0.000000 
  0.000000   0.000000   0.000000   0.000000 
  0.137897   0.024659   0.006058   0.000000 
  0.113576   0.029281   0.010670   0.000000 
  0.054167   0.017857   0.000000   0.000000 
  0.211593   0.018492   0.004980   0.000000 
  0.077562   0.041551   0.000000   0.000000 
  0.072016   0.013717   0.006873   0.000000 
  0.166317   0.026961   0.007003   0.000000 
  0.114286   0.019048   0.002381   0.000000 
  0.071429   0.017857   0.000000   0.000000 
  0.062500   0.062500   0.000000   0.000000 
  0.046019   0.008766   0.001486   0.000000 
  0.240741   0.042735   0.021413   0.000000 
  0.090909   0.090909   0.045833   0.000000 
  0.008333   0.000000   0.000000   0.000000 
  0.205882   0.044118   0.000000   0.000000 
  0.146739   0.010870   0.000000   0.000000 
  0.061404   0.010965   0.001462   0.000000 
  0.070513   0.015385   0.005128   0.000000 
  0.096154   0.028846   0.000000   0.000000 
  0.107143   0.000000   0.000000   0.000000 
  0.075000   0.025000   0.000000   0.000000 
  0.041667   0.025000   0.004167   0.000000 
  0.081159   0.013527   0.007251   0.000000 
  0.000000   0.000000   0.000000   0.000000 
  0.088889   0.015556   0.001857   0.000000 
  0.200893   0.017857   0.009184   0.000000 
  0.054348   0.003623   0.000000   0.000000 
  0.120000   0.028125   0.008766   0.000000 
  0.000000   0.000000   0.000000   0.000000 
  0.051948   0.038961   0.006494   0.000000 
  0.013158   0.000000   0.000000   0.000000 
  0.037461   0.015609   0.003122   0.000000 
  0.085106   0.023168   0.011849   0.000000 
  0.154342   0.019615   0.004200   0.000000 
  0.084034   0.009337   0.000000   0.000000 
  0.076087   0.016304   0.003623   0.000000 
  0.013889   0.003472   0.000000   0.000000 
  0.042533   0.006616   0.001418   0.000000 
  0.031621   0.000000   0.000000   0.000000 
  0.056980   0.014245   0.000723   0.000000 
  0.133333   0.066667   0.000000   0.000000 
  0.079545   0.005682   0.000000   0.000000 
  0.154643   0.020718   0.001480   0.000000 
  0.139860   0.083916   0.000000   0.000000 
  0.118902   0.024390   0.004878   0.000000 
  0.124888   0.039251   0.012489   0.000000 
  0.107215   0.015162   0.000541   0.000000 
  0.032000   0.006400   0.000000   0.000000 
  0.235555   0.037704   0.003962   0.000000 
  0.085366   0.025610   0.012195   0.000000 
  0.069136   0.037037   0.000000   0.000000 
  0.081667   0.023333   0.001113   0.000000 
  0.087464   0.011370   0.002332   0.000000 
  0.122605   0.026683   0.004936   0.000000 
  0.075802   0.007497   0.001249   0.000000 
  0.084677   0.016129   0.012124   0.000000 
  0.140351   0.007018   0.000000   0.000000 
  0.028571   0.009524   0.000000   0.000000 
  0.164609   0.020576   0.001372   0.000000 
  0.125126   0.022245   0.006067   0.000000 
  0.135955   0.031461   0.003373   0.000000 
  0.166090   0.010381   0.000000   0.000000 
  0.072568   0.014354   0.004785   0.000000 
  0.077219   0.024458   0.005594   0.000000 
  0.177907   0.008721   0.000581   0.000000 
  0.019608   0.003922   0.003922   0.000000 
  0.059113   0.004926   0.000000   0.000000 
  0.055526   0.007403   0.002115   0.000000 
  0.000000   0.000000   0.000000   0.000000 
  0.070707   0.010101   0.000000   0.000000 
  0.050265   0.011905   0.002646   0.000000 
  0.169312   0.023810   0.000000   0.000000 
  0.072464   0.018116   0.000000   0.000000 
  0.013889   0.000000   0.000000   0.000000 
  0.029644   0.017787   0.005929   0.000000 
  0.083624   0.001161   0.000000   0.000000 
  0.094471   0.015560   0.003334   0.000000 
  0.116327   0.033061   0.004898   0.000000 
  0.077399   0.006192   0.003096   0.000000 
  0.000000   0.000000   0.000000   0.000000 
  0.027778   0.020833   0.000000   0.000000 
  0.077778   0.018519   0.007407   0.000000 
  0.142793   0.058159   0.007290   0.000000 
  0.080000   0.030000   0.000000   0.000000 
  0.013841   0.000000   0.000000   0.000000 
  0.030303   0.030303   0.020202   0.000000 
  0.015686   0.000000   0.000000   0.000000 
  0.100000   0.014286   0.000000   0.000000 
  0.019231   0.000000   0.000000   0.000000 
  0.000000   0.000000   0.000000   0.000000 
  0.081871   0.005848   0.002924   0.000000 
  0.137987   0.032468   0.005416   0.000000 
  0.111111   0.111111   0.000000   0.000000 
  0.091837   0.040408   0.003270   0.000000 
  0.000000   0.000000   0.000000   0.000000 
  0.204545   0.122727   0.034091   0.000000 
  0.027218   0.012097   0.000000   0.000000 
  0.111702   0.026596   0.004443   0.000000 
  0.046784   0.026316   0.000000   0.000000 
  0.030303   0.000000   0.000000   0.000000 
  0.061404   0.007974   0.000797   0.000000 
  0.196118   0.024129   0.005988   0.000000 
  0.000000   0.000000   0.000000   0.000000 
  0.202500   0.087500   0.000000   0.000000 
  0.035595   0.013348   0.000000   0.000000 
  0.000000   0.000000   0.000000   0.000000 
  0.036364   0.036364   0.009091   0.000000 
  0.169362   0.017250   0.011764   0.000000 
  0.116782   0.024221   0.006920   0.000000 
  0.114286   0.030952   0.003575   0.000000 
  0.081699   0.032680   0.006536   0.000000 
  0.099446   0.012931   0.004624   0.000000 
  0.092308   0.030769   0.005141   0.000000 
  0.085470   0.038462   0.001425   0.000000 
  0.000000   0.000000   0.000000   0.000000 
  0.079602   0.018479   0.001421   0.000000 
  0.080579   0.021694   0.002066   0.000000 
  0.002770   0.000000   0.000000   0.000000 
  0.144192   0.023555   0.009924   0.000000 
  0.206347   0.054302   0.021391   0.000000 
  0.142292   0.039526   0.007905   0.000000 
  0.102564   0.012821   0.004294   0.000000 
  0.027972   0.013986   0.006993   0.000000 
  0.093750   0.002976   0.000000   0.000000 
  0.041667   0.027778   0.000000   0.000000 
  0.035156   0.023438   0.003906   0.000000 
  0.135309   0.011598   0.001934   0.000000 
  0.143654   0.017102   0.008624   0.000000 
  0.108597   0.021116   0.008494   0.000000 
  0.068182   0.030303   0.000000   0.000000 
  0.033493   0.009569   0.001595   0.000000 
  0.057143   0.028571   0.000000   0.000000 
  0.016667   0.000000   0.000000   0.000000 
  0.053571   0.008658   0.000541   0.000000 
  0.000000   0.000000   0.000000   0.000000 
  0.076530   0.014812   0.003528   0.000000 
  0.089286   0.008929   0.000000   0.000000 
  0.140000   0.008333   0.000000   0.000000 
  0.115824   0.023114   0.008006   0.000000 
  0.109486   0.029255   0.003546   0.000000 
  0.060729   0.016194   0.002024   0.000000 
  0.000000   0.000000   0.000000   0.000000 
  0.044118   0.014706   0.000000   0.000000 
  0.025000   0.000000   0.000000   0.000000 
  0.022222   0.008333   0.000000   0.000000 
  0.197545   0.074518   0.012283   0.000000 
  0.169951   0.040640   0.004926   0.000000 
  0.031217   0.001041   0.000000   0.000000 
  0.000000   0.000000   0.000000   0.000000 
  0.189213   0.043549   0.018024   0.000000 
  0.033333   0.025000   0.004167   0.000000 
  0.035088   0.029240   0.000000   0.000000 
  0.011905   0.000000   0.000000   0.000000 
  0.075758   0.013986   0.000000   0.000000 
  0.000000   0.000000   0.000000   0.000000 
  0.080000   0.060000   0.010000   0.000000 
  0.078125   0.034180   0.001984   0.000000 
  0.000000   0.000000   0.000000   0.000000 
  0.193036   0.069636   0.012294   0.000000 
  0.087891   0.011719   0.001966   0.000000 
  0.137236   0.027582   0.002166   0.000000 
  0.149693   0.024325   0.009627   0.000000 
  0.039216   0.013072   0.006536   0.000000 
  0.084259   0.019444   0.003704   0.000000 
  0.042362   0.013479   0.002567   0.000000 
  0.000000   0.000000   0.000000   0.000000 
  0.071429   0.010204   0.000000   0.000000 
  0.041667   0.015625   0.005208   0.000000 
  0.046512   0.014238   0.002860   0.000000 
  0.058333   0.002778   0.000000   0.000000 
  0.000000   0.000000   0.000000   0.000000 
  0.112782   0.030075   0.003759   0.000000 
  0.046786   0.009452   0.000945   0.000000 
  0.043478   0.010435   0.000000   0.000000 
  0.115126   0.014391   0.004797   0.000000 
  0.041667   0.000000   0.000000   0.000000 
  0.076923   0.013736   0.001374   0.000000 
  0.092105   0.015789   0.005263   0.000000 
  0.107143   0.107143   0.000000   0.000000 
  0.090000   0.000000   0.000000   0.000000 
  0.082671   0.002385   0.000000   0.000000 
  0.113636   0.030303   0.000000   0.000000 
  0.000000   0.000000   0.000000   0.000000 
  0.083333   0.033333   0.000000   0.000000 
  0.052500   0.020000   0.000000   0.000000 
  0.175714   0.029143   0.006100   0.000000 
  0.093333   0.020000   0.006705   0.000000 
  0.015385   0.000000   0.000000   0.000000 
  0.016807   0.000000   0.000000   0.000000 
  0.166667   0.111111   0.000000   0.000000 
  0.153627   0.034673   0.008727   0.000000 
  0.057075   0.007134   0.007178   0.000000 
  0.078000   0.012800   0.003600   0.000000 
  0.078431   0.023529   0.000000   0.000000 
  0.069930   0.055944   0.006993   0.000000 
  0.000000   0.000000   0.000000   0.000000 
  0.000000   0.000000   0.000000   0.000000 
  0.000000   0.000000   0.000000   0.000000 
  0.089099   0.010482   0.000699   0.000000 
  0.006579   0.006579   0.000000   0.000000 
  0.121693   0.013468   0.000962   0.000000 
  0.235242   0.021051   0.007799   0.000000 
  0.040230   0.010345   0.000000   0.000000 
  0.000000   0.000000   0.000000   0.000000 
  0.027778   0.008333   0.000000   0.000000 
  0.080972   0.013997   0.004628   0.000000 
  0.000000   0.000000   0.000000   0.000000 
  0.042781   0.017825   0.000891   0.000000 
  0.030303   0.010101   0.000000   0.000000 
  0.113269   0.025700   0.005335   0.000000 
  0.094040   0.023220   0.000387   0.000000 
  0.010011   0.005562   0.001112   0.000000 
  0.041502   0.017787   0.001482   0.000000 
  0.125000   0.028571   0.003126   0.000000 
  0.123529   0.023529   0.005882   0.000000 
  0.032680   0.000000   0.000000   0.000000 
  0.029412   0.000000   0.000000   0.000000 
  0.058594   0.007812   0.000000   0.000000 
  0.000000   0.000000   0.000000   0.000000 
  0.019608   0.000000   0.000000   0.000000 
  0.185157   0.038231   0.008746   0.000000 
  0.134977   0.039368   0.008655   0.000000 
  0.030075   0.010025   0.002506   0.000000 
  0.000000   0.000000   0.000000   0.000000 
  0.166594   0.030422   0.010434   0.000000 
  0.081481   0.041481   0.005926   0.000000 
  0.081522   0.018116   0.014493   0.000000 
  0.040179   0.011161   0.000000   0.000000 
  0.109774   0.014444   0.001444   0.000000 
  0.000000   0.000000   0.000000   0.000000 
  0.000000   0.000000   0.000000   0.000000 
  0.046875   0.007812   0.000000   0.000000 
  0.181818   0.014141   0.000000   0.000000 
  0.052632   0.005848   0.000000   0.000000 
  0.033207   0.014231   0.001898   0.000000 
  0.111070   0.023325   0.000185   0.000000 
  0.000000   0.000000   0.000000   0.000000 
  0.070078   0.020022   0.000000   0.000000 
  0.031373   0.031373   0.000000   0.000000 
  0.058172   0.005540   0.000000   0.000000 
  0.063508   0.028226   0.002016   0.000000 
  0.012346   0.000000   0.000000   0.000000 
  0.032086   0.000000   0.000000   0.000000 
  0.041623   0.006243   0.001041   0.000000 
  0.035714   0.035714   0.000000   0.000000 
  0.029985   0.008996   0.000000   0.000000 
  0.000000   0.000000   0.000000   0.000000 
  0.158561   0.030313   0.007998   0.000000 
  0.017787   0.001976   0.000000   0.000000 
  0.042857   0.009524   0.002381   0.000000 
  0.204918   0.021237   0.006460   0.000000 
  0.113872   0.002899   0.000828   0.000000 
  0.098060   0.025862   0.000000   0.000000 
  0.116735   0.029388   0.007347   0.000000 
  0.033333   0.025000   0.000000   0.000000 
  0.136054   0.018141   0.002268   0.000000 
  0.062500   0.010000   0.000000   0.000000 
  0.066361   0.008266   0.003674   0.000000 
  0.031674   0.000000   0.000000   0.000000 
  0.000000   0.000000   0.000000   0.000000 
  0.114638   0.011758   0.001323   0.000000 
  0.093009   0.012801   0.006305   0.000000 
  0.093750   0.046875   0.000000   0.000000 
  0.047059   0.035294   0.005882   0.000000 
  0.169173   0.047368   0.001504   0.000000 
  0.042105   0.031579   0.010526   0.000000 
  0.019231   0.000000   0.000000   0.000000 
  0.128342   0.007130   0.000000   0.000000 
  0.061224   0.016327   0.005462   0.000000 
  0.148785   0.016532   0.002024   0.000000 
  0.055728   0.030960   0.000000   0.000000 
  0.095238   0.021164   0.003175   0.000000 
  0.028571   0.014286   0.000000   0.000000 
  0.029586   0.005917   0.002959   0.000000 
  0.058559   0.011261   0.001502   0.000000 
  0.079365   0.013228   0.000000   0.000000 
  0.149577   0.017695   0.006051   0.000000 
  0.087351   0.013613   0.004560   0.000000 
  0.133562   0.045282   0.009135   0.000000 
  0.090043   0.009697   0.001039   0.000000 
