Table showing signal significance of signal muons passing various cuts: 
gamma(pt cut)  gamma(p cut)   S(gamma cuts(pt+p+eta))   B(gamma cuts(pt+p+eta))   S/sqrt(B)(gamma cuts(pt+p+eta))  
0.00000e+00   0.00000e+00   1.97803e-09   8.42701e-02   6.81390e-09  
0.00000e+00   5.00000e-01   1.67633e-09   5.90132e-02   6.90058e-09  
0.00000e+00   1.00000e+00   1.46769e-09   4.25715e-02   7.11337e-09  
0.00000e+00   1.50000e+00   1.37502e-09   3.17645e-02   7.71506e-09  
0.00000e+00   2.00000e+00   1.29641e-09   2.49228e-02   8.21193e-09  
0.00000e+00   2.50000e+00   1.22748e-09   2.03440e-02   8.60590e-09  
0.00000e+00   3.00000e+00   1.07667e-09   1.70005e-02   8.25754e-09  
0.00000e+00   3.50000e+00   9.43462e-10   1.44202e-02   7.85668e-09  
0.00000e+00   4.00000e+00   9.33593e-10   1.22827e-02   8.42387e-09  
0.00000e+00   4.50000e+00   9.60997e-10   1.05139e-02   9.37218e-09  
0.00000e+00   5.00000e+00   9.69590e-10   8.96788e-03   1.02387e-08  
0.00000e+00   5.50000e+00   9.36449e-10   7.74048e-03   1.06439e-08  
0.00000e+00   6.00000e+00   9.40775e-10   6.74636e-03   1.14538e-08  
0.00000e+00   6.50000e+00   9.25917e-10   5.87757e-03   1.20774e-08  
0.00000e+00   7.00000e+00   9.42222e-10   5.21003e-03   1.30537e-08  
0.00000e+00   7.50000e+00   8.82384e-10   4.63939e-03   1.29547e-08  
0.00000e+00   8.00000e+00   7.72184e-10   4.08997e-03   1.20743e-08  
0.00000e+00   8.50000e+00   6.69453e-10   3.62710e-03   1.11158e-08  
0.00000e+00   9.00000e+00   6.67800e-10   3.21023e-03   1.17863e-08  
0.00000e+00   9.50000e+00   6.73997e-10   2.85579e-03   1.26123e-08  
5.00000e-02   0.00000e+00   1.61855e-09   5.09241e-02   7.17241e-09  
5.00000e-02   5.00000e-01   1.55518e-09   4.65959e-02   7.20453e-09  
5.00000e-02   1.00000e+00   1.40408e-09   3.77368e-02   7.22787e-09  
5.00000e-02   1.50000e+00   1.35255e-09   3.05510e-02   7.73820e-09  
5.00000e-02   2.00000e+00   1.28336e-09   2.48351e-02   8.14355e-09  
5.00000e-02   2.50000e+00   1.22748e-09   2.03440e-02   8.60590e-09  
5.00000e-02   3.00000e+00   1.07667e-09   1.70005e-02   8.25754e-09  
5.00000e-02   3.50000e+00   9.43462e-10   1.44202e-02   7.85668e-09  
5.00000e-02   4.00000e+00   9.33593e-10   1.22827e-02   8.42387e-09  
5.00000e-02   4.50000e+00   9.60997e-10   1.05139e-02   9.37218e-09  
5.00000e-02   5.00000e+00   9.69590e-10   8.96788e-03   1.02387e-08  
5.00000e-02   5.50000e+00   9.36449e-10   7.74048e-03   1.06439e-08  
5.00000e-02   6.00000e+00   9.40775e-10   6.74636e-03   1.14538e-08  
5.00000e-02   6.50000e+00   9.25917e-10   5.87757e-03   1.20774e-08  
5.00000e-02   7.00000e+00   9.42222e-10   5.21003e-03   1.30537e-08  
5.00000e-02   7.50000e+00   8.82384e-10   4.63939e-03   1.29547e-08  
5.00000e-02   8.00000e+00   7.72184e-10   4.08997e-03   1.20743e-08  
5.00000e-02   8.50000e+00   6.69453e-10   3.62710e-03   1.11158e-08  
5.00000e-02   9.00000e+00   6.67800e-10   3.21023e-03   1.17863e-08  
5.00000e-02   9.50000e+00   6.73997e-10   2.85579e-03   1.26123e-08  
1.00000e-01   0.00000e+00   1.31367e-09   2.82915e-02   7.81015e-09  
1.00000e-01   5.00000e-01   1.31367e-09   2.82858e-02   7.81094e-09  
1.00000e-01   1.00000e+00   1.27968e-09   2.67446e-02   7.82500e-09  
1.00000e-01   1.50000e+00   1.26917e-09   2.38153e-02   8.22417e-09  
1.00000e-01   2.00000e+00   1.24703e-09   2.09020e-02   8.62545e-09  
1.00000e-01   2.50000e+00   1.22733e-09   1.82527e-02   9.08445e-09  
1.00000e-01   3.00000e+00   1.06844e-09   1.59658e-02   8.45579e-09  
1.00000e-01   3.50000e+00   9.44718e-10   1.39796e-02   7.99015e-09  
1.00000e-01   4.00000e+00   9.33593e-10   1.21824e-02   8.45846e-09  
1.00000e-01   4.50000e+00   9.60997e-10   1.05139e-02   9.37218e-09  
1.00000e-01   5.00000e+00   9.69590e-10   8.96788e-03   1.02387e-08  
1.00000e-01   5.50000e+00   9.36449e-10   7.74048e-03   1.06439e-08  
1.00000e-01   6.00000e+00   9.40775e-10   6.74636e-03   1.14538e-08  
1.00000e-01   6.50000e+00   9.25917e-10   5.87757e-03   1.20774e-08  
1.00000e-01   7.00000e+00   9.42222e-10   5.21003e-03   1.30537e-08  
1.00000e-01   7.50000e+00   8.82384e-10   4.63939e-03   1.29547e-08  
1.00000e-01   8.00000e+00   7.72184e-10   4.08997e-03   1.20743e-08  
1.00000e-01   8.50000e+00   6.69453e-10   3.62710e-03   1.11158e-08  
1.00000e-01   9.00000e+00   6.67800e-10   3.21023e-03   1.17863e-08  
1.00000e-01   9.50000e+00   6.73997e-10   2.85579e-03   1.26123e-08  
1.50000e-01   0.00000e+00   1.13318e-09   1.76066e-02   8.54004e-09  
1.50000e-01   5.00000e-01   1.13318e-09   1.76066e-02   8.54004e-09  
1.50000e-01   1.00000e+00   1.11786e-09   1.75541e-02   8.43723e-09  
1.50000e-01   1.50000e+00   1.12411e-09   1.69097e-02   8.64455e-09  
1.50000e-01   2.00000e+00   1.14112e-09   1.57964e-02   9.07932e-09  
1.50000e-01   2.50000e+00   1.15163e-09   1.43611e-02   9.60994e-09  
1.50000e-01   3.00000e+00   1.04482e-09   1.29747e-02   9.17260e-09  
1.50000e-01   3.50000e+00   9.30861e-10   1.16604e-02   8.62041e-09  
1.50000e-01   4.00000e+00   9.22675e-10   1.05105e-02   8.99987e-09  
1.50000e-01   4.50000e+00   9.42418e-10   9.48259e-03   9.67788e-09  
1.50000e-01   5.00000e+00   9.61495e-10   8.48456e-03   1.04384e-08  
1.50000e-01   5.50000e+00   9.26376e-10   7.54072e-03   1.06679e-08  
1.50000e-01   6.00000e+00   9.41541e-10   6.66963e-03   1.15289e-08  
1.50000e-01   6.50000e+00   9.25917e-10   5.86606e-03   1.20892e-08  
1.50000e-01   7.00000e+00   9.42222e-10   5.21003e-03   1.30537e-08  
1.50000e-01   7.50000e+00   8.82384e-10   4.63939e-03   1.29547e-08  
1.50000e-01   8.00000e+00   7.72184e-10   4.08997e-03   1.20743e-08  
1.50000e-01   8.50000e+00   6.69453e-10   3.62710e-03   1.11158e-08  
1.50000e-01   9.00000e+00   6.67800e-10   3.21023e-03   1.17863e-08  
1.50000e-01   9.50000e+00   6.73997e-10   2.85579e-03   1.26123e-08  
2.00000e-01   0.00000e+00   1.12083e-09   1.16639e-02   1.03781e-08  
2.00000e-01   5.00000e-01   1.12083e-09   1.16639e-02   1.03781e-08  
2.00000e-01   1.00000e+00   1.12083e-09   1.16639e-02   1.03781e-08  
2.00000e-01   1.50000e+00   1.12159e-09   1.16210e-02   1.04043e-08  
2.00000e-01   2.00000e+00   1.12615e-09   1.13034e-02   1.05923e-08  
2.00000e-01   2.50000e+00   1.11921e-09   1.07707e-02   1.07842e-08  
2.00000e-01   3.00000e+00   1.00379e-09   1.00540e-02   1.00109e-08  
2.00000e-01   3.50000e+00   9.27288e-10   9.29623e-03   9.61748e-09  
2.00000e-01   4.00000e+00   9.39647e-10   8.55701e-03   1.01579e-08  
2.00000e-01   4.50000e+00   9.55650e-10   7.85411e-03   1.07833e-08  
2.00000e-01   5.00000e+00   9.68951e-10   7.17081e-03   1.14424e-08  
2.00000e-01   5.50000e+00   9.46498e-10   6.56449e-03   1.16821e-08  
2.00000e-01   6.00000e+00   9.56338e-10   5.98629e-03   1.23604e-08  
2.00000e-01   6.50000e+00   9.36205e-10   5.41223e-03   1.27257e-08  
2.00000e-01   7.00000e+00   9.47203e-10   4.93685e-03   1.34809e-08  
2.00000e-01   7.50000e+00   8.84835e-10   4.49317e-03   1.32004e-08  
2.00000e-01   8.00000e+00   7.72926e-10   4.03745e-03   1.21642e-08  
2.00000e-01   8.50000e+00   6.69453e-10   3.60934e-03   1.11431e-08  
2.00000e-01   9.00000e+00   6.67800e-10   3.21023e-03   1.17863e-08  
2.00000e-01   9.50000e+00   6.73997e-10   2.85579e-03   1.26123e-08  
2.50000e-01   0.00000e+00   1.16840e-09   7.96895e-03   1.30886e-08  
2.50000e-01   5.00000e-01   1.16840e-09   7.96895e-03   1.30886e-08  
2.50000e-01   1.00000e+00   1.16840e-09   7.96895e-03   1.30886e-08  
2.50000e-01   1.50000e+00   1.16840e-09   7.96895e-03   1.30886e-08  
2.50000e-01   2.00000e+00   1.17099e-09   7.93302e-03   1.31472e-08  
2.50000e-01   2.50000e+00   1.17620e-09   7.75989e-03   1.33522e-08  
2.50000e-01   3.00000e+00   1.06680e-09   7.50304e-03   1.23158e-08  
2.50000e-01   3.50000e+00   9.76256e-10   7.15913e-03   1.15381e-08  
2.50000e-01   4.00000e+00   9.79466e-10   6.75258e-03   1.19194e-08  
2.50000e-01   4.50000e+00   9.84368e-10   6.31364e-03   1.23885e-08  
2.50000e-01   5.00000e+00   9.91096e-10   5.85938e-03   1.29476e-08  
2.50000e-01   5.50000e+00   9.61108e-10   5.43270e-03   1.30396e-08  
2.50000e-01   6.00000e+00   9.79841e-10   5.04653e-03   1.37930e-08  
2.50000e-01   6.50000e+00   9.59159e-10   4.66209e-03   1.40475e-08  
2.50000e-01   7.00000e+00   9.67664e-10   4.33677e-03   1.46940e-08  
2.50000e-01   7.50000e+00   9.00681e-10   4.04041e-03   1.41696e-08  
2.50000e-01   8.00000e+00   7.82700e-10   3.67600e-03   1.29095e-08  
2.50000e-01   8.50000e+00   6.75472e-10   3.33860e-03   1.16903e-08  
2.50000e-01   9.00000e+00   6.71948e-10   3.02495e-03   1.22173e-08  
2.50000e-01   9.50000e+00   6.77590e-10   2.74598e-03   1.29306e-08  
3.00000e-01   0.00000e+00   1.25960e-09   5.59884e-03   1.68338e-08  
3.00000e-01   5.00000e-01   1.25960e-09   5.59884e-03   1.68338e-08  
3.00000e-01   1.00000e+00   1.25960e-09   5.59884e-03   1.68338e-08  
3.00000e-01   1.50000e+00   1.25960e-09   5.59884e-03   1.68338e-08  
3.00000e-01   2.00000e+00   1.25960e-09   5.59884e-03   1.68338e-08  
3.00000e-01   2.50000e+00   1.26265e-09   5.55946e-03   1.69343e-08  
3.00000e-01   3.00000e+00   1.13700e-09   5.45126e-03   1.53997e-08  
3.00000e-01   3.50000e+00   1.03169e-09   5.29710e-03   1.41753e-08  
3.00000e-01   4.00000e+00   1.04542e-09   5.12990e-03   1.45960e-08  
3.00000e-01   4.50000e+00   1.04242e-09   4.90154e-03   1.48894e-08  
3.00000e-01   5.00000e+00   1.04023e-09   4.62440e-03   1.52968e-08  
3.00000e-01   5.50000e+00   1.00803e-09   4.34281e-03   1.52964e-08  
3.00000e-01   6.00000e+00   1.02229e-09   4.08303e-03   1.59987e-08  
3.00000e-01   6.50000e+00   9.94877e-10   3.82508e-03   1.60860e-08  
3.00000e-01   7.00000e+00   1.00100e-09   3.59711e-03   1.66901e-08  
3.00000e-01   7.50000e+00   9.26889e-10   3.38120e-03   1.59402e-08  
3.00000e-01   8.00000e+00   8.03010e-10   3.15351e-03   1.42996e-08  
3.00000e-01   8.50000e+00   6.89947e-10   2.91789e-03   1.27727e-08  
3.00000e-01   9.00000e+00   6.83265e-10   2.68891e-03   1.31765e-08  
3.00000e-01   9.50000e+00   6.86370e-10   2.48811e-03   1.37602e-08  
3.50000e-01   0.00000e+00   1.18058e-09   4.02156e-03   1.86164e-08  
3.50000e-01   5.00000e-01   1.18058e-09   4.02156e-03   1.86164e-08  
3.50000e-01   1.00000e+00   1.18058e-09   4.02156e-03   1.86164e-08  
3.50000e-01   1.50000e+00   1.18058e-09   4.02156e-03   1.86164e-08  
3.50000e-01   2.00000e+00   1.18058e-09   4.02156e-03   1.86164e-08  
3.50000e-01   2.50000e+00   1.18058e-09   4.01868e-03   1.86231e-08  
3.50000e-01   3.00000e+00   1.07800e-09   3.99131e-03   1.70633e-08  
3.50000e-01   3.50000e+00   9.75387e-10   3.95299e-03   1.55137e-08  
3.50000e-01   4.00000e+00   9.81505e-10   3.86582e-03   1.57860e-08  
3.50000e-01   4.50000e+00   9.92173e-10   3.76863e-03   1.61620e-08  
3.50000e-01   5.00000e+00   9.85403e-10   3.62326e-03   1.63706e-08  
3.50000e-01   5.50000e+00   9.60544e-10   3.46451e-03   1.63191e-08  
3.50000e-01   6.00000e+00   9.68639e-10   3.31221e-03   1.68307e-08  
3.50000e-01   6.50000e+00   9.31725e-10   3.15673e-03   1.65832e-08  
3.50000e-01   7.00000e+00   9.51762e-10   3.00367e-03   1.73661e-08  
3.50000e-01   7.50000e+00   8.78649e-10   2.84840e-03   1.64632e-08  
3.50000e-01   8.00000e+00   7.55184e-10   2.68502e-03   1.45740e-08  
3.50000e-01   8.50000e+00   6.60357e-10   2.51293e-03   1.31731e-08  
3.50000e-01   9.00000e+00   6.77621e-10   2.36997e-03   1.39192e-08  
3.50000e-01   9.50000e+00   6.76148e-10   2.20436e-03   1.44013e-08  
4.00000e-01   0.00000e+00   1.02745e-09   2.98019e-03   1.88208e-08  
4.00000e-01   5.00000e-01   1.02745e-09   2.98019e-03   1.88208e-08  
4.00000e-01   1.00000e+00   1.02745e-09   2.98019e-03   1.88208e-08  
4.00000e-01   1.50000e+00   1.02745e-09   2.98019e-03   1.88208e-08  
4.00000e-01   2.00000e+00   1.02745e-09   2.98019e-03   1.88208e-08  
4.00000e-01   2.50000e+00   1.02745e-09   2.98019e-03   1.88208e-08  
4.00000e-01   3.00000e+00   9.28304e-10   2.97442e-03   1.70212e-08  
4.00000e-01   3.50000e+00   8.30008e-10   2.96364e-03   1.52465e-08  
4.00000e-01   4.00000e+00   8.33273e-10   2.93006e-03   1.53939e-08  
4.00000e-01   4.50000e+00   8.39880e-10   2.89061e-03   1.56215e-08  
4.00000e-01   5.00000e+00   8.29408e-10   2.81820e-03   1.56237e-08  
4.00000e-01   5.50000e+00   7.98136e-10   2.74239e-03   1.52410e-08  
4.00000e-01   6.00000e+00   8.03796e-10   2.65238e-03   1.56073e-08  
4.00000e-01   6.50000e+00   7.95196e-10   2.55265e-03   1.57391e-08  
4.00000e-01   7.00000e+00   8.10153e-10   2.44893e-03   1.63711e-08  
4.00000e-01   7.50000e+00   7.31036e-10   2.33170e-03   1.51392e-08  
4.00000e-01   8.00000e+00   7.11604e-10   2.22234e-03   1.50950e-08  
4.00000e-01   8.50000e+00   6.18796e-10   2.09924e-03   1.35057e-08  
4.00000e-01   9.00000e+00   6.32202e-10   2.00335e-03   1.41246e-08  
4.00000e-01   9.50000e+00   6.41714e-10   1.89206e-03   1.47528e-08  
4.50000e-01   0.00000e+00   1.04388e-09   2.22339e-03   2.21382e-08  
4.50000e-01   5.00000e-01   1.04388e-09   2.22339e-03   2.21382e-08  
4.50000e-01   1.00000e+00   1.04388e-09   2.22339e-03   2.21382e-08  
4.50000e-01   1.50000e+00   1.04388e-09   2.22339e-03   2.21382e-08  
4.50000e-01   2.00000e+00   1.04388e-09   2.22339e-03   2.21382e-08  
4.50000e-01   2.50000e+00   1.04388e-09   2.22339e-03   2.21382e-08  
4.50000e-01   3.00000e+00   9.41472e-10   2.22339e-03   1.99664e-08  
4.50000e-01   3.50000e+00   8.41301e-10   2.22339e-03   1.78420e-08  
4.50000e-01   4.00000e+00   8.43986e-10   2.21586e-03   1.79293e-08  
4.50000e-01   4.50000e+00   8.47593e-10   2.20050e-03   1.80687e-08  
4.50000e-01   5.00000e+00   8.33673e-10   2.17600e-03   1.78717e-08  
4.50000e-01   5.50000e+00   7.98331e-10   2.13055e-03   1.72957e-08  
4.50000e-01   6.00000e+00   8.02666e-10   2.06425e-03   1.76666e-08  
4.50000e-01   6.50000e+00   7.90816e-10   2.00816e-03   1.76472e-08  
4.50000e-01   7.00000e+00   8.04938e-10   1.94953e-03   1.82305e-08  
4.50000e-01   7.50000e+00   7.22050e-10   1.86784e-03   1.67070e-08  
4.50000e-01   8.00000e+00   7.17126e-10   1.79192e-03   1.69409e-08  
4.50000e-01   8.50000e+00   6.20465e-10   1.71532e-03   1.49811e-08  
4.50000e-01   9.00000e+00   6.33889e-10   1.64871e-03   1.56114e-08  
4.50000e-01   9.50000e+00   6.41600e-10   1.57780e-03   1.61525e-08  
5.00000e-01   0.00000e+00   9.68174e-10   1.70626e-03   2.34386e-08  
5.00000e-01   5.00000e-01   9.68174e-10   1.70626e-03   2.34386e-08  
5.00000e-01   1.00000e+00   9.68174e-10   1.70626e-03   2.34386e-08  
5.00000e-01   1.50000e+00   9.68174e-10   1.70626e-03   2.34386e-08  
5.00000e-01   2.00000e+00   9.68174e-10   1.70626e-03   2.34386e-08  
5.00000e-01   2.50000e+00   9.68174e-10   1.70626e-03   2.34386e-08  
5.00000e-01   3.00000e+00   9.68174e-10   1.70626e-03   2.34386e-08  
5.00000e-01   3.50000e+00   8.63616e-10   1.70626e-03   2.09073e-08  
5.00000e-01   4.00000e+00   8.63616e-10   1.70337e-03   2.09250e-08  
5.00000e-01   4.50000e+00   8.64626e-10   1.69425e-03   2.10058e-08  
5.00000e-01   5.00000e+00   8.47502e-10   1.69137e-03   2.06073e-08  
5.00000e-01   5.50000e+00   8.07975e-10   1.66920e-03   1.97762e-08  
5.00000e-01   6.00000e+00   8.09886e-10   1.62859e-03   2.00686e-08  
5.00000e-01   6.50000e+00   7.94205e-10   1.59473e-03   1.98879e-08  
5.00000e-01   7.00000e+00   8.07667e-10   1.56458e-03   2.04190e-08  
5.00000e-01   7.50000e+00   7.19779e-10   1.51073e-03   1.85185e-08  
5.00000e-01   8.00000e+00   7.30589e-10   1.47011e-03   1.90546e-08  
5.00000e-01   8.50000e+00   6.31754e-10   1.42783e-03   1.67190e-08  
5.00000e-01   9.00000e+00   6.43950e-10   1.38759e-03   1.72871e-08  
5.00000e-01   9.50000e+00   6.52346e-10   1.34141e-03   1.78113e-08  
5.50000e-01   0.00000e+00   8.45542e-10   1.30442e-03   2.34114e-08  
5.50000e-01   5.00000e-01   8.45542e-10   1.30442e-03   2.34114e-08  
5.50000e-01   1.00000e+00   8.45542e-10   1.30442e-03   2.34114e-08  
5.50000e-01   1.50000e+00   8.45542e-10   1.30442e-03   2.34114e-08  
5.50000e-01   2.00000e+00   8.45542e-10   1.30442e-03   2.34114e-08  
5.50000e-01   2.50000e+00   8.45542e-10   1.30442e-03   2.34114e-08  
5.50000e-01   3.00000e+00   8.45542e-10   1.30442e-03   2.34114e-08  
5.50000e-01   3.50000e+00   8.46615e-10   1.30442e-03   2.34411e-08  
5.50000e-01   4.00000e+00   8.46615e-10   1.30442e-03   2.34411e-08  
5.50000e-01   4.50000e+00   8.47691e-10   1.30153e-03   2.34969e-08  
5.50000e-01   5.00000e+00   8.52021e-10   1.30009e-03   2.36300e-08  
5.50000e-01   5.50000e+00   8.55298e-10   1.28528e-03   2.38571e-08  
5.50000e-01   6.00000e+00   8.55298e-10   1.27312e-03   2.39708e-08  
5.50000e-01   6.50000e+00   8.38633e-10   1.24963e-03   2.37236e-08  
5.50000e-01   7.00000e+00   8.48499e-10   1.23107e-03   2.41830e-08  
5.50000e-01   7.50000e+00   7.52270e-10   1.19632e-03   2.17495e-08  
5.50000e-01   8.00000e+00   7.60327e-10   1.16315e-03   2.22938e-08  
5.50000e-01   8.50000e+00   6.56986e-10   1.14671e-03   1.94012e-08  
5.50000e-01   9.00000e+00   6.69637e-10   1.12703e-03   1.99468e-08  
5.50000e-01   9.50000e+00   6.77088e-10   1.10182e-03   2.03981e-08  
6.00000e-01   0.00000e+00   6.07980e-10   1.03606e-03   1.88884e-08  
6.00000e-01   5.00000e-01   6.07980e-10   1.03606e-03   1.88884e-08  
6.00000e-01   1.00000e+00   6.07980e-10   1.03606e-03   1.88884e-08  
6.00000e-01   1.50000e+00   6.07980e-10   1.03606e-03   1.88884e-08  
6.00000e-01   2.00000e+00   6.07980e-10   1.03606e-03   1.88884e-08  
6.00000e-01   2.50000e+00   6.07980e-10   1.03606e-03   1.88884e-08  
6.00000e-01   3.00000e+00   6.07980e-10   1.03606e-03   1.88884e-08  
6.00000e-01   3.50000e+00   6.08810e-10   1.03606e-03   1.89142e-08  
6.00000e-01   4.00000e+00   6.08810e-10   1.03606e-03   1.89142e-08  
6.00000e-01   4.50000e+00   6.08810e-10   1.03606e-03   1.89142e-08  
6.00000e-01   5.00000e+00   6.12150e-10   1.03462e-03   1.90313e-08  
6.00000e-01   5.50000e+00   6.14680e-10   1.02430e-03   1.92059e-08  
6.00000e-01   6.00000e+00   6.14680e-10   1.01358e-03   1.93072e-08  
6.00000e-01   6.50000e+00   6.17230e-10   1.00430e-03   1.94767e-08  
6.00000e-01   7.00000e+00   6.23265e-10   9.99755e-04   1.97118e-08  
6.00000e-01   7.50000e+00   6.29418e-10   9.74734e-04   2.01603e-08  
6.00000e-01   8.00000e+00   6.36601e-10   9.52974e-04   2.06218e-08  
6.00000e-01   8.50000e+00   5.35081e-10   9.46593e-04   1.73915e-08  
6.00000e-01   9.00000e+00   5.44482e-10   9.31422e-04   1.78406e-08  
6.00000e-01   9.50000e+00   5.50120e-10   9.15888e-04   1.81776e-08  
6.50000e-01   0.00000e+00   6.40996e-10   7.80800e-04   2.29396e-08  
6.50000e-01   5.00000e-01   6.40996e-10   7.80800e-04   2.29396e-08  
6.50000e-01   1.00000e+00   6.40996e-10   7.80800e-04   2.29396e-08  
6.50000e-01   1.50000e+00   6.40996e-10   7.80800e-04   2.29396e-08  
6.50000e-01   2.00000e+00   6.40996e-10   7.80800e-04   2.29396e-08  
6.50000e-01   2.50000e+00   6.40996e-10   7.80800e-04   2.29396e-08  
6.50000e-01   3.00000e+00   6.40996e-10   7.80800e-04   2.29396e-08  
6.50000e-01   3.50000e+00   6.40996e-10   7.80800e-04   2.29396e-08  
6.50000e-01   4.00000e+00   6.40996e-10   7.80800e-04   2.29396e-08  
6.50000e-01   4.50000e+00   6.40996e-10   7.80800e-04   2.29396e-08  
6.50000e-01   5.00000e+00   6.43950e-10   7.80800e-04   2.30453e-08  
6.50000e-01   5.50000e+00   6.43950e-10   7.76470e-04   2.31095e-08  
6.50000e-01   6.00000e+00   6.43950e-10   7.68790e-04   2.32246e-08  
6.50000e-01   6.50000e+00   6.46932e-10   7.61110e-04   2.34496e-08  
6.50000e-01   7.00000e+00   6.52978e-10   7.59512e-04   2.36936e-08  
6.50000e-01   7.50000e+00   6.56043e-10   7.48206e-04   2.39840e-08  
6.50000e-01   8.00000e+00   6.62262e-10   7.36415e-04   2.44044e-08  
6.50000e-01   8.50000e+00   5.56279e-10   7.30587e-04   2.05805e-08  
6.50000e-01   9.00000e+00   5.65280e-10   7.22012e-04   2.10374e-08  
6.50000e-01   9.50000e+00   5.68963e-10   7.12596e-04   2.13139e-08  
7.00000e-01   0.00000e+00   6.76148e-10   6.19545e-04   2.71647e-08  
7.00000e-01   5.00000e-01   6.76148e-10   6.19545e-04   2.71647e-08  
7.00000e-01   1.00000e+00   6.76148e-10   6.19545e-04   2.71647e-08  
7.00000e-01   1.50000e+00   6.76148e-10   6.19545e-04   2.71647e-08  
7.00000e-01   2.00000e+00   6.76148e-10   6.19545e-04   2.71647e-08  
7.00000e-01   2.50000e+00   6.76148e-10   6.19545e-04   2.71647e-08  
7.00000e-01   3.00000e+00   6.76148e-10   6.19545e-04   2.71647e-08  
7.00000e-01   3.50000e+00   6.76148e-10   6.19545e-04   2.71647e-08  
7.00000e-01   4.00000e+00   6.76148e-10   6.19545e-04   2.71647e-08  
7.00000e-01   4.50000e+00   6.76148e-10   6.19545e-04   2.71647e-08  
7.00000e-01   5.00000e+00   6.78409e-10   6.19545e-04   2.72556e-08  
7.00000e-01   5.50000e+00   6.78409e-10   6.15216e-04   2.73513e-08  
7.00000e-01   6.00000e+00   6.78409e-10   6.13773e-04   2.73834e-08  
7.00000e-01   6.50000e+00   6.79546e-10   6.09134e-04   2.75336e-08  
7.00000e-01   7.00000e+00   6.86445e-10   6.07536e-04   2.78496e-08  
7.00000e-01   7.50000e+00   6.88775e-10   5.99947e-04   2.81204e-08  
7.00000e-01   8.00000e+00   6.93485e-10   5.94632e-04   2.84389e-08  
7.00000e-01   8.50000e+00   5.81883e-10   5.93189e-04   2.38913e-08  
7.00000e-01   9.00000e+00   5.90007e-10   5.90147e-04   2.42872e-08  
7.00000e-01   9.50000e+00   5.91038e-10   5.87273e-04   2.43891e-08  
7.50000e-01   0.00000e+00   5.67510e-10   4.87430e-04   2.57050e-08  
7.50000e-01   5.00000e-01   5.67510e-10   4.87430e-04   2.57050e-08  
7.50000e-01   1.00000e+00   5.67510e-10   4.87430e-04   2.57050e-08  
7.50000e-01   1.50000e+00   5.67510e-10   4.87430e-04   2.57050e-08  
7.50000e-01   2.00000e+00   5.67510e-10   4.87430e-04   2.57050e-08  
7.50000e-01   2.50000e+00   5.67510e-10   4.87430e-04   2.57050e-08  
7.50000e-01   3.00000e+00   5.67510e-10   4.87430e-04   2.57050e-08  
7.50000e-01   3.50000e+00   5.67510e-10   4.87430e-04   2.57050e-08  
7.50000e-01   4.00000e+00   5.67510e-10   4.87430e-04   2.57050e-08  
7.50000e-01   4.50000e+00   5.67510e-10   4.87430e-04   2.57050e-08  
7.50000e-01   5.00000e+00   5.69559e-10   4.87430e-04   2.57978e-08  
7.50000e-01   5.50000e+00   5.69559e-10   4.87430e-04   2.57978e-08  
7.50000e-01   6.00000e+00   5.69559e-10   4.87430e-04   2.57978e-08  
7.50000e-01   6.50000e+00   5.69559e-10   4.84389e-04   2.58786e-08  
7.50000e-01   7.00000e+00   5.75795e-10   4.84389e-04   2.61620e-08  
7.50000e-01   7.50000e+00   5.77904e-10   4.76801e-04   2.64659e-08  
7.50000e-01   8.00000e+00   5.81097e-10   4.76801e-04   2.66122e-08  
7.50000e-01   8.50000e+00   5.83245e-10   4.75357e-04   2.67511e-08  
7.50000e-01   9.00000e+00   5.88686e-10   4.73760e-04   2.70461e-08  
7.50000e-01   9.50000e+00   5.88686e-10   4.71640e-04   2.71068e-08  
Candidate type    Total entries    After A' mass cut   After transverse flight distance cut     After eta mass cut     Signal significance after mu + A' _fiducial cut: 
S    			   686737    			2336   			12 				2336				3.401593e-03
EMB    			   694228    			67    			67 				67				9.651008e-05
B    			   77655699    			10775    			10775 				121				1.387535e-04
misID    		   -1316137386    			95951400    			10174900 				100550				-7.290379e-02
Figure of merit after mu + A' + fiducial cut:  4.729815e-11 
